metric=wn.jcn_similarity, ic=brown_ic, alpha=0.03):
[0.861768184366929, 0.6706612835506883, 0.5883794948040402, 0.5357250601092903, 0.4966885096985001, 0.8823986399108893, 0.6970308589832167, 0.8941987376829673]
[0.8888164610242972, 0.902164850618151, 0.9240633151476652, 0.9693802040989775, 0.904135045621456, 0.8774483383578314, 0.8851282142963521, 0.9566984396932179]
[0.5507239236116018, 0.8811983618491679, 0.9428288580563742, 0.9100922385919056, 0.9225320074741516, 0.7094348670035281, 0.7358006727505296, 0.8704850104938076]
[0.663970521799399, 0.7369622387409613, 0.7087803740430575, 0.6001274195282964, 0.5331549416421766, 0.7939590288806075, 0.7504976109809838, 0.8136229247062672]
[0.8949509397789663, 0.7000684772405742, 0.8887884808655606, 0.6670251151415102, 0.7381334823051223, 0.795753217388905, 0.7680495840951052, 0.9112719906721131]
[1.0, 0.4450823350860526, 0.6816538277140572, 0.6651676577345481, 0.7923633166878241, 0.7441431463116954, 0.5572567392792696, 0.7442492601822743]
[0.3697762057594825, 0.6218453946185729, 0.7164497678829056, 0.6366551180455687, 0.43139318599364335, 0.5588815498358278, 0.5544393794940173, 0.5558910025487679]
[0.6852049620634749, 0.8174512912862808, 0.9010782626915481, 0.8504786187962342, 0.6980296554997654, 0.7403796886755373, 0.7167852399133171, 0.838349842199879]
[0.8503240569617634, 0.47106003097377863, 0.7326008783358745, 0.5689578032421789, 0.7708405742943177, 0.6812455763466918, 0.5500115637961259, 0.6781090068090778]
[0.7077397896896085, 0.5528854478997305, 0.7392374595185065, 0.5338984722883492, 0.44873605208797346, 0.9072527117079805, 0.7350822504246907, 0.814562550356992]
[0.5922770396227285, 0.5887927005725471, 0.627264578663208, 0.7660637989745048, 0.5835045013664167, 0.5725197059180929, 0.511471204617142, 0.5437866722008572]
[0.5117068270072433, 0.8725244626124794, 0.9341550442474992, 0.84168319752719, 0.8024047722017071, 0.7950484109126055, 0.8075985803985167, 0.7874169857420643]
[0.7049608105679068, 0.8518874215242336, 0.8208942948806461, 0.7417509360966651, 0.6025357297459484, 0.7474971674522762, 0.6722345753193756, 0.7254128161127716]
[0.6834736432272527, 0.6008064696252241, 0.5419456873369718, 0.5209530474049973, 0.5097695337023185, 0.6234365873154941, 0.5653864409025489, 0.6554730381394096]
[0.7421102677390737, 0.6928660078971474, 0.7902051711785988, 0.9522756872860695, 0.7181046337806143, 0.6891345076144558, 0.5922907055263255, 0.908260479195365]
[0.827084957969784, 0.7140271406598736, 0.7993675987722296, 0.729402265544952, 0.7269442766076164, 0.7973129452964811, 0.7424154452190347, 0.7783151394061455]
[1.0, 0.7517872045507525, 0.9249951293303957, 1.0, 1.0, 0.9549952976996969, 0.8501655730278023, 1.0]
[0.7779740870764794, 0.7695020081647385, 0.7639845555467368, 0.8247365397362488, 0.5295666039336487, 0.8106564693198198, 0.7546023509797853, 0.8996224627641154]
[0.6923895625461435, 0.8412386962658182, 0.943303572718041, 0.9383449234537911, 0.8248424121799628, 0.6533508525373474, 0.6028523206664318, 0.8565458380472571]
[0.9557412948463718, 0.7803625920147983, 0.9088381913956544, 0.9688025781868822, 0.9844177897991059, 0.8165467998582369, 0.7505803619899792, 0.9626558412126935]
[0.8800351218593049, 0.9732593527316133, 0.9423686808533592, 1.0, 1.0, 0.8713011954678631, 0.891041768829529, 1.0]
[0.704044758435732, 0.7178870088307335, 0.5702517319362237, 0.5488770215693669, 0.3633487084066687, 0.7416256202821383, 0.6378432163689338, 0.7298451955240174]
[0.9256664467261982, 0.6619749326941725, 0.8853001348556212, 0.7407988671282965, 0.6152932398742971, 0.9583983524356187, 0.8151751650196131, 0.8722172290407921]
[0.5297938973899158, 0.8655155745199039, 0.9800767318872194, 0.876653841127383, 0.7987909383224225, 0.5605385509279148, 0.588532075222228, 0.898506419059359]
[0.871604795058586, 0.7821393931789556, 0.9311150384135599, 0.9368826616003493, 0.7989297319098511, 0.7462561522580865, 0.7363545550585259, 1.0]
[0.7649852619792264, 0.6897693901161006, 0.8575687641116376, 0.8613519737075056, 0.6391937359262896, 0.6135783398203534, 0.54227831288572, 0.8924053178325296]
[0.8168501928174373, 0.9149523299057523, 0.9337058158815477, 0.9688025781868822, 0.9039806134037424, 0.7624264783740289, 0.7401802846268241, 0.9800821244852508]
[0.47531543938380977, 0.5143295257605718, 0.7124174720392413, 0.5553584959108255, 0.5920844271594126, 0.6152505277700616, 0.6783765817679978, 0.5682782846615654]
[0.8536639748225023, 0.6711670156877716, 0.8875800477066359, 0.6083439663632074, 0.7460712912991764, 0.8952633322913334, 0.7420987780788376, 0.8709081303645053]
[0.7286054517975774, 0.8086192630898854, 0.8042626384522035, 0.7984557405232864, 0.6179424251925411, 0.6981567809792952, 0.6921453479369367, 0.8531344849784201]
[0.7502305032199255, 0.7662616000223915, 0.8192723495799281, 0.7554705317933489, 0.6102324178314079, 0.6202742807091877, 0.5657819382727202, 0.8214921078160615]
[0.8309924812020948, 0.8245730030999058, 0.8650377627513461, 0.7354984918408384, 0.562509523728619, 0.8642178705422674, 0.7811437459706463, 0.7571254639701505]
[1.0, 0.9346730686033016, 0.9249951293303957, 1.0, 0.9218381317413156, 0.883835357997739, 0.8998659872841932, 1.0]
[0.7609446154031935, 0.3055774085833729, 0.31978446015275963, 0.326098930498945, 0.5367426876473457, 0.5284407594094681, 0.3938270496876202, 0.3172950695437454]
[1.0, 0.8060317745644466, 0.9138937980169498, 1.0, 0.955228250969928, 0.8625189067944525, 0.8023961853358336, 1.0]
[0.8746212376671036, 0.19421873566639994, 0.5910779523133425, 0.32326882123646233, 0.5870744894364675, 0.6771933717866102, 0.4483211876173239, 0.4260117660874937]
[0.30143201882507487, 0.5631696811159691, 0.6749985559645341, 0.5522366124241703, 0.5224553943529435, 0.4245158345276918, 0.5313624631890143, 0.5524371493361511]
done in 68.032000s
[5 5 2 6 7 5 3 6 5 5 3 5 5 6 3 5 0 6 3 4 1 6 5 2 7 7 2 6 5 6 3 5 5 5 3 5 6]
[7 3 2 7 7 0 2 2 0 5 3 2 1 0 3 0 0 7 2 4 3 5 5 2 7 7 7 2 5 7 7 2 0 0 0 0 2]
f1-score  :   0.37339
f0.5-score:   0.41066
precision :   0.43994
recall    :   0.32432
[Finished]




metric=wn.jcn_similarity, ic=brown_ic, alpha=0.05
[0.7456461455130915, 0.4911346835905476, 0.45292218035275406, 0.35402721381299407, 0.33776082458281576, 0.6567787745289856, 0.49279939779347676, 0.5608789987851914]
[0.5959252167374802, 0.779943854391697, 0.796520753368073, 0.6958323825350624, 0.6062433863979318, 0.6380477443016397, 0.5786255463745633, 0.7315554130676]
[0.4041335009444294, 0.756123864701508, 0.9177538888897567, 0.6468043089820185, 0.6077429558525126, 0.45847194586383655, 0.48322651788658266, 0.7291683427196984]
[0.4276851971403968, 0.4523691847530011, 0.4554623446420989, 0.39984525632152534, 0.3621437550579053, 0.5405324218105687, 0.5112071787202261, 0.5182306971146734]
[0.7455627945368247, 0.46138591354411007, 0.6144330660043997, 0.4558542049262539, 0.4933753897329401, 0.5432514471007667, 0.5062881452499483, 0.7494821732870465]
[0.7732258373773878, 0.3143588442462768, 0.45355189125077405, 0.43665693885918744, 0.5284687422293751, 0.5118344467727791, 0.3693631640056465, 0.5025553702983344]
[0.262032424276012, 0.4015487743398731, 0.46941628860600115, 0.42799308482815573, 0.2969724876351164, 0.38022326852771826, 0.3714687258070936, 0.37340786475102733]
[0.4925442572621747, 0.6136029786349596, 0.6039590957329658, 0.5428691736092902, 0.44944978900550164, 0.4975389838738639, 0.46354157859393125, 0.5957156444408983]
[0.5983804455470382, 0.3252522789733861, 0.4731057250722729, 0.39287439531269613, 0.5076633552953931, 0.45118446955159097, 0.3742923341185785, 0.43997684792653646]
[0.5196245928005229, 0.3602915749246975, 0.5395553563684513, 0.3536947133933889, 0.30840558208323493, 0.7462528474476109, 0.5472075855772522, 0.48825285729733164]
[0.4035849826443934, 0.39642303499478093, 0.4076533073470616, 0.4987804217046287, 0.3875390922288312, 0.3809980160349684, 0.34221525160309124, 0.3605712182730326]
[0.3500346956958517, 0.6140403831245312, 0.7830380725935544, 0.5767630710611277, 0.526105684408716, 0.5317112369041876, 0.5351739262319063, 0.5593188012202044]
[0.45732496317473886, 0.564845878115371, 0.5458814489640404, 0.48781744140214517, 0.4066833527973802, 0.5112947260930982, 0.448958404211876, 0.48458728037698506]
[0.4786450645445637, 0.3941368225634672, 0.36378325020794194, 0.355430674821443, 0.3435318228149779, 0.42252443271255846, 0.38140356872627373, 0.43574418987608665]
[0.5182676894856689, 0.5061971771425525, 0.5891364812650931, 0.7393262853200735, 0.45975396452182676, 0.45475481224666847, 0.3966673443325799, 0.617176919971674]
[0.575253082445354, 0.48097810037790695, 0.535108834250067, 0.46555386565870305, 0.4769106494488749, 0.5368828122410746, 0.4883595372355687, 0.49614640588013476]
[1.0, 0.66848508465199, 0.8317359373938525, 0.7762304440215622, 0.892981421069228, 0.7840016440141425, 0.6324041529244425, 0.8572616437585473]
[0.5729758068385414, 0.5340716810385137, 0.5328339065326482, 0.5365099669994294, 0.35652173119052427, 0.5502216999610665, 0.5066441520990793, 0.6264415040887976]
[0.46244282097283157, 0.6552410339044222, 0.8288471375575654, 0.6903122036360609, 0.555276984200391, 0.43983012432687785, 0.3986441338837133, 0.6204468296391755]
[0.7191020030514671, 0.6564873974521497, 0.8548724889765297, 0.6558621635990257, 0.7725856418745192, 0.5449054525091168, 0.49378918666410027, 0.7743986055635621]
[0.8159136367351048, 0.872427092996708, 0.913366473570708, 0.9101455243892737, 0.7363100305952315, 0.7193833078787437, 0.664634939629459, 0.9274531074242063]
[0.4626484167667179, 0.45731689850462903, 0.37509855997243097, 0.3686046630561873, 0.25915103123428557, 0.5128457202228363, 0.46905364965469537, 0.47794142561328495]
[0.7714705607397391, 0.5398958279651644, 0.6070595846741652, 0.4860194954418635, 0.42334382549242566, 0.8064688030430641, 0.5776526481271076, 0.6713145510020957]
[0.3564229740941394, 0.6013160014328859, 0.8044076798165054, 0.6061402239836035, 0.5340651590059798, 0.37055847505798595, 0.3889295529057822, 0.618290406551897]
[0.5837889220716836, 0.5496712364613495, 0.8025535769230958, 0.6299711462774713, 0.5279739217821323, 0.5025419517926997, 0.48473351523235025, 0.817166134815142]
[0.5079373794497957, 0.4918331456729752, 0.6005274968604971, 0.5701435748252391, 0.4324139150488763, 0.41246277231703665, 0.36347591783951955, 0.6154980182319358]
[0.5596369548845204, 0.6340031930912681, 0.7825488579545413, 0.7260959713988767, 0.5998648838185983, 0.5049581124597793, 0.4835430463171672, 0.7501829568574542]
[0.3284816292925807, 0.3558484399674628, 0.4651754552149296, 0.37013117954174396, 0.3967849982415879, 0.4067662119578797, 0.44296769441743084, 0.3919360735058332]
[0.7291673138193956, 0.4447340792940941, 0.6095961839210194, 0.417846658309577, 0.49817995171970914, 0.66462119270813, 0.48504273356235345, 0.5715968652105138]
[0.5081847806941399, 0.5711693385357647, 0.5312999855189198, 0.5170085299599515, 0.4030705320277967, 0.46410576018640237, 0.4549651527641909, 0.5784842644326498]
[0.5365972522786954, 0.5523833960542291, 0.5489666997449532, 0.5007080705256325, 0.41324384431694894, 0.4168874162576378, 0.3768335189721299, 0.5480035340961289]
[0.5803958172695148, 0.5379980795831392, 0.5825389674901245, 0.48471780089812283, 0.377679995174706, 0.5938891206003247, 0.5236102903568051, 0.4903331460672305]
[0.8666931230158917, 0.7682844334933182, 0.752355640102742, 0.7532001873622948, 0.5990049454176213, 0.6933897090252563, 0.6429905555779366, 0.8250563643589713]
[0.6419008973094852, 0.211624819156323, 0.22236831189817519, 0.23810964947563895, 0.36145698022238654, 0.3606741868997519, 0.27229431227978784, 0.2225700645066389]
[0.7836213051368128, 0.7191665441545289, 0.84871924726031, 0.7649607391288938, 0.7265044631042187, 0.6108687235860928, 0.5358293520743911, 0.8824737837814686]
[0.6575048044655695, 0.15264790632645328, 0.35211715637799135, 0.227393854566564, 0.403170677641226, 0.4918937305442023, 0.3053121093704768, 0.2987216718178338]
[0.21350993360358939, 0.3855819935900087, 0.44003076752861725, 0.36812977740843045, 0.35212751500336337, 0.2889553073219249, 0.3551335310097574, 0.37904400060457666]
done in 68.285000s
[5 5 2 6 7 5 3 6 5 5 3 5 5 6 3 5 0 6 3 4 1 6 5 2 7 7 2 6 5 6 3 5 5 5 3 5 6]
[0 2 2 5 7 0 2 1 0 5 3 2 1 0 3 0 0 7 2 2 7 5 5 2 7 7 2 2 0 7 1 5 0 0 7 0 2]
f1-score  :   0.37730
f0.5-score:   0.41830
precision :   0.45097
recall    :   0.32432


metric=wn.jcn_similarity, ic=brown_ic, alpha=0.07):
[5 5 2 6 7 5 3 6 5 5 3 5 5 6 3 5 0 6 3 4 1 6 5 2 7 7 2 6 5 6 3 5 5 5 3 5 6]
[0 2 2 5 7 0 2 1 0 5 3 2 1 0 3 0 0 7 2 2 2 5 5 2 2 7 2 2 0 7 1 0 0 0 7 0 2]
f1-score  :   0.32468
f0.5-score:   0.36928
precision :   0.40651
recall    :   0.27027






ML 3-class




ML 8-class

done in 1.363000s
done in 2.437000s
done in 0.940000s
done in 1.172000s
done in 2.642000s
done in 1.797000s
done in 2.280000s
done in 0.910000s
done in 1.771000s
done in 1.838000s
done in 2.732000s
done in 1.287000s
done in 2.262000s
done in 1.605000s
done in 2.068000s
done in 1.998000s
done in 1.195000s
done in 2.086000s
done in 2.863000s
done in 2.004000s
done in 1.726000s
done in 1.768000s
done in 1.420000s
done in 3.010000s
done in 1.118000s
done in 3.440000s
done in 1.680000s
done in 2.591000s
done in 2.551000s
done in 2.585000s
done in 2.649000s
done in 1.859000s
done in 1.569000s
done in 3.490000s
done in 2.067000s
done in 2.070000s
done in 1.266000s
done in 3.724000s
done in 0.999000s
done in 0.991000s
done in 1.237000s
done in 1.129000s
done in 1.774000s
done in 1.905000s
done in 1.995000s
done in 2.469000s
done in 2.022000s
done in 1.916000s
done in 1.392000s
done in 1.638000s
done in 2.369000s
done in 0.899000s
done in 1.648000s
done in 1.003000s
done in 2.169000s
done in 2.168000s
done in 1.342000s
done in 2.542000s
done in 1.436000s
done in 1.778000s
done in 1.654000s
done in 2.340000s
done in 2.698000s
done in 1.670000s
done in 1.716000s
done in 1.248000s
done in 1.248000s
done in 1.856000s
done in 2.059000s
done in 2.543000s
done in 1.154000s
done in 2.200000s
done in 1.420000s
done in 1.497000s
done in 1.155000s
[[1.0, 0.3056066374799252, 1.0, 0.3982199474042574, 0.4334335592166532, 0.5512602087618649, 0.6173152124308329, 0.07840029383929448, 0.7788879935400462, 0.5512602087618649, 0.3159361719026344, 1.0, 0.5489054228364202, 0.7788879935400462, 0.2422695907537571, 0.4007172733464288, 1.0, 0.6564392652488431, 0.40967312548903984, 0.2912618593395447, 0.4708232714263083, 0.6411309025711288, 0.5545948076470018, 0.33193697787398097, 1.0, 0.3690443946260614, 0.3222844574379578, 0.4741163572093046, 0.21614648002625517, 0.44186411719660335, 0.43974922976579905, 0.6945861837465988, 0.5545948076470018, 0.33126404236593215, 0.5515583524486544, 0.23991822214730535, 0.5545948076470018, 0.3311832386650797, 1.0, 1.0, 0.551413628213911, 0.700942418809274, 0.6438495151992933, 0.47447780828013586, 0.5644712120008819, 0.489271726978873, 0.4440166689036764, 0.5497066126776048, 0.5548118939991167, 0.6483709384323971, 0.6173152124308329, 1.0, 0.24935603764392056, 1.0, 0.3594744742646685, 0.5644712120008819, 0.7759239004590704, 0.40967312548903984, 0.5557795645833535, 0.40214518891892287, 0.8207391203672563, 0.36142153463678345, 0.5092527205462809, 0.2540004491150815, 0.27816971771441446, 0.55270615428555, 0.7757068141069555, 0.5498322931893709, 0.7193709028072764, 0.4399723670368347, 0.08385258859152671, 0.22611546233722254, 0.5548118939991167, 0.5545948076470018, 0.45759951656955833], [0.3056066374799252, 0.9326870860847055, 0.26524522598290196, 0.438916826925626, 0.39976079260405084, 0.48008332129313436, 0.4400107752094942, 0.2460599167323596, 0.6011353892668354, 0.48008332129313436, 0.4156582926275343, 0.41169121323105556, 0.595727871643502, 0.7090661400082422, 0.46426543742155396, 0.5830653696811084, 0.3705299728892561, 0.36119343239268087, 0.28690531371345374, 0.45958511547318714, 0.4548485878496412, 0.562168668545329, 0.5995043471048741, 0.46499016334934695, 0.41039475508196216, 0.38011789428410775, 0.3232037627958069, 0.435534301379342, 0.6742193477172819, 0.30556504101232096, 0.38985471261560234, 0.5902312461312711, 0.635111061888422, 0.43319174230583124, 0.5298032434326534, 0.49113533673825016, 0.5995043471048741, 0.2957449788044941, 0.6312874914507941, 0.49717751655203657, 0.3824989795034269, 0.6741552132423403, 0.6220346795148382, 0.4593137282078929, 0.35100135838284235, 0.3880545978748107, 0.4777892853661163, 0.7678121237766662, 0.378864498048883, 0.5334707153348973, 0.41970646812201984, 0.5639497004206929, 0.6479917343343368, 0.5639497004206929, 0.3883894097918576, 0.35872235671103136, 0.46833350995464834, 0.2952349781749251, 0.4368128507958788, 0.4750843797965668, 0.35953917951661035, 0.3800117686130423, 0.3605033148052702, 0.523117673255481, 0.4917268072734339, 0.39401196032845615, 0.6808398124737516, 0.5280428902484646, 0.3278172620646258, 0.4067675890968414, 0.22156273374360838, 0.4763307796414208, 0.378864498048883, 0.7106674807816148, 0.6609113654627359], [1.0, 0.26524522598290196, 1.0, 0.5514136282139112, 0.27932223983697363, 0.5545948076470018, 1.0, 1.0, 1.0, 0.5545948076470018, 0.27458407947702074, 1.0, 0.46424129740316583, 1.0, 0.35965526143474946, 0.8596116018409701, 1.0, 1.0, 0.7141027109058585, 0.4239638492342628, 0.40612641019600243, 0.7051839913867283, 1.0, 0.2951517892092543, 1.0, 0.7589997302540109, 0.5208136885973301, 0.6948048858962256, 0.5482014063210049, 0.8254792457499869, 0.8231103948320371, 0.7822094002437311, 1.0, 0.5612838472863495, 0.6384995953810163, 0.7922660728187415, 1.0, 0.6058821664033927, 1.0, 1.0, 1.0, 1.0, 1.0, 1.0, 0.5604396459443228, 1.0, 0.6143942887894887, 0.5545948076470018, 1.0, 1.0, 0.8231103948320371, 1.0, 0.8596116018409701, 1.0, 1.0, 0.5604396459443228, 1.0, 0.7141027109058585, 1.0, 0.7757068141069555, 0.7051839913867283, 0.6937257286856188, 0.7141027109058585, 0.7757068141069555, 0.7051839913867283, 0.5539986803571891, 0.7051839913867283, 0.6384995953810163, 0.5790563542109148, 0.8437108861898148, 0.0759090514208856, 0.09831803019023337, 1.0, 1.0, 0.40612641019600243], [0.3982199474042574, 0.438916826925626, 0.5514136282139112, 1.0, 0.48882764875983603, 0.6521684205005469, 0.7130400741586039, 0.10423889892640259, 0.7757068141069555, 0.6521684205005469, 0.10088298304246848, 0.4107473880578072, 0.3582929803631627, 0.7757068141069555, 0.37092687662898866, 0.4648185443810169, 0.5514136282139112, 0.8183665171569899, 0.3358579381472663, 0.7757068141069555, 0.3378469384477397, 1.0, 0.09195997260196556, 0.3423960197364249, 0.700942418809274, 0.554662893658177, 0.11929762728058416, 0.3626330394361176, 0.32455540518907944, 0.35125689306284574, 0.49546868870457095, 0.8254059809054924, 0.7805108364270733, 0.348519989869264, 0.6464484328346842, 0.5533129293969749, 0.09195997260196556, 0.2791780972127848, 1.0, 0.5514136282139112, 0.4150893804827254, 1.0, 0.638935562831897, 0.7789633084256442, 0.46969961917845177, 0.5560653045543364, 0.5562860602609758, 0.6453534814278188, 0.3973442727289253, 0.34355256122432076, 0.7053736940289036, 0.5619700753556357, 0.4648185443810169, 0.5619700753556357, 0.40430766640398036, 0.5580830159820431, 1.0, 0.3358579381472663, 0.32097084397960973, 0.46227407574451657, 0.6389319684425544, 0.4856461649794709, 0.44499725227420095, 1.0, 0.8249465626403417, 0.7064605553050661, 0.7757068141069555, 0.6490536282896352, 0.650354719562334, 0.6195977948363272, 0.3181247391014972, 0.4889089226995121, 0.3973442727289253, 0.5562176505340288, 0.5566918517847734], [0.4334335592166532, 0.39976079260405084, 0.27932223983697363, 0.48882764875983603, 1.0, 0.42182707382949713, 0.38407528285398207, 0.09414359426435284, 0.4610438707239067, 0.42182707382949713, 0.6282219657488305, 0.437205361001279, 0.3833363277377475, 0.4598575691187735, 0.4908168009203535, 0.41809282543569004, 0.5479995971412986, 0.4967323577820844, 0.19159193723587703, 0.4412130235899902, 0.343731602429473, 0.3986961834309433, 0.36719147899501575, 0.32797932149750125, 0.43710399519011306, 0.2530664422560756, 0.5338068113730426, 0.24832709940210168, 0.4046269405629656, 0.18868894808662065, 0.2965747739451362, 0.5754249790620317, 0.4640352129756315, 0.2246234289690362, 0.3532445853070733, 0.3835216307766579, 0.27357794400375707, 0.3409766008414439, 0.7045222831843465, 0.39560739803911127, 0.19754773545215565, 0.4843483648310807, 0.3994356898058113, 0.35290825911920315, 0.33754569245956745, 0.3372565801350514, 0.41722293656451404, 0.44316115767644365, 0.29674132878552356, 0.27281452949720075, 0.365641021780015, 0.8718324652039746, 0.37283641017046343, 0.8718324652039746, 0.21152665933564738, 0.30541702985099056, 0.4994318592309868, 0.19630654552282428, 0.18308130906810122, 0.485047229919409, 0.5630361425241058, 0.2612086962363212, 0.3500506317929566, 0.3798810283080765, 0.40100112619756784, 0.505820419052273, 0.548302371702755, 0.37616815850876095, 0.43588865343632494, 0.2959071542927308, 0.19291664008924025, 0.2841453711671291, 0.29674132878552356, 0.4640352129756315, 1.0116075583123627], [0.5512602087618649, 0.48008332129313436, 0.5545948076470018, 0.6521684205005469, 0.42182707382949713, 1.0, 0.5215453378756034, 0.0869914291526076, 0.7774059469995583, 1.0, 0.3730476585526826, 0.5536916206461905, 0.46870490375065216, 0.777297403823501, 0.38050828814671034, 0.5103076376645507, 0.6411309025711288, 0.6492569473823127, 0.32396745717839287, 0.40591338056911674, 0.6075598252854189, 0.644027398318032, 0.4362937645612876, 0.5484322794170609, 0.4120992463690558, 0.40622661858618647, 0.3102288334929221, 0.5715454148876388, 0.4294978712124113, 0.28549861501083895, 0.4685832612119185, 0.7588508922134759, 0.6675528220370377, 0.37573189422940784, 0.5959468814741214, 0.5237488659939524, 0.4362937645612876, 0.3084444878132076, 0.8277816242393052, 0.8205654512855645, 0.36162031483718593, 0.8205654512855645, 0.6424902088852111, 0.6098046972336952, 0.5167868473184211, 0.5202239120205066, 0.2828381366226633, 0.6748637684136296, 0.48835012622179846, 0.5127123294988638, 0.4874246272970938, 0.8229701633752207, 0.43114986127576244, 0.8229701633752207, 0.3798898144749841, 0.4817526143025777, 0.7437889797520149, 0.32396745717839287, 0.4401697417998804, 0.5134919200500446, 0.6403548740812076, 0.3218093477061247, 0.42570049839369073, 0.4414814721840285, 0.6508451099860115, 0.49368630845267447, 0.6624584281865235, 0.5970521207346938, 0.5253236165913259, 0.48686035273629846, 0.3014089714403468, 0.25827731946478333, 0.48835012622179846, 0.6675528220370377, 0.6015814311955929], [0.6173152124308329, 0.4400107752094942, 1.0, 0.7130400741586039, 0.38407528285398207, 0.5215453378756034, 1.0, 0.32046955037162744, 0.9017279971289095, 0.5215453378756034, 0.2526787959294081, 0.7474082904345778, 0.5283607239684668, 1.0, 0.31176672227839425, 0.6846941205285373, 0.8231103948320371, 0.7634316636731274, 0.4681384459813473, 0.4603491461446441, 0.3780851167690022, 0.5962140823802603, 0.7047045940249421, 0.31342066355859116, 0.4925456137631784, 0.5327563544897415, 0.24179210615342442, 0.4217457387436927, 0.44251146830326443, 0.5292387713540796, 0.5812268817196908, 0.541547675545488, 0.9032683230828444, 0.484454881756391, 0.5434622627345137, 0.5616078357893163, 0.7037701338609104, 0.36474099362961754, 1.0, 1.0, 0.44067689655270015, 0.850471209404637, 0.8391912680291246, 0.7397259273265184, 0.49750480865563507, 0.6185797596441146, 0.2549350169849779, 0.47828139237027356, 0.6700648570082463, 0.7375375968237556, 1.0, 0.5550793260703556, 0.730075218365724, 0.5550793260703556, 0.5529849466533288, 0.5071051865438014, 0.6685828104677582, 0.4877770455771731, 0.6031969745765622, 0.6561987576815321, 0.5937762439620604, 0.3471648828789018, 0.515437314226568, 0.6326895541948047, 0.686675152219938, 0.6695356817035147, 0.6019383917007863, 0.5816319258765905, 0.5989521727110259, 0.6200785519706492, 0.1817187370167289, 0.29407757603445106, 0.6700648570082463, 0.9024492606342549, 0.4623561584916449], [0.07840029383929448, 0.2460599167323596, 1.0, 0.10423889892640259, 0.09414359426435284, 0.0869914291526076, 0.32046955037162744, 1.0, 0.4003730913448846, 0.0869914291526076, 0.08319140152205527, 0.08301248389196639, 0.07847808287291977, 0.7052844112341923, 0.3620872285907025, 0.6414606590284537, 0.1108754457684329, 0.40282593261760175, 0.5564219225566204, 0.4009044431584814, 0.13096222183203027, 0.09635688106234476, 0.6950886801106922, 0.23643830108487454, 0.07840029383929448, 0.30108801789663203, 0.5283904584654052, 0.4589257106936313, 0.39298664361887375, 0.45683936328570474, 0.6488643426489853, 0.09436185280693293, 0.7083548323057776, 0.3270927632334028, 0.41020399350121006, 0.5608712790374102, 0.6950886801106922, 0.37816017553613374, 0.09768093427406356, 0.539754317422775, 1.0, 1.0, 0.7052844112341923, 1.0, 0.10415763155144463, 0.7855605641728289, 0.312256200201522, 0.32015697722005093, 0.5414766773737956, 0.7083548323057776, 0.2743313182634944, 0.07840029383929448, 0.6385749102666143, 0.07840029383929448, 0.5719696412236941, 0.10415763155144463, 0.09940329422508412, 0.5564219225566204, 0.6950886801106922, 0.32103462383130027, 0.09088460712705533, 0.4498049601612176, 0.5475417025168275, 0.5521194494632012, 0.40282593261760175, 0.1938526228285833, 0.4003730913448846, 0.6385749102666143, 0.1460497300328547, 0.49368131848166924, 0.38660279074710774, 0.28434602412219845, 0.5414766773737956, 0.7083548323057776, 0.09088460712705533], [0.7788879935400462, 0.6011353892668354, 1.0, 0.7757068141069555, 0.4610438707239067, 0.7774059469995583, 0.9017279971289095, 0.4003730913448846, 1.0, 0.7774059469995583, 0.3615212113216147, 0.7788879935400462, 0.4613483483334641, 1.0, 0.43252884582375045, 1.0, 1.0, 1.0, 0.5763321240825103, 0.5901583017816419, 0.4068700703403043, 0.7456067965709238, 1.0, 0.37439484230343184, 0.551630714566026, 0.7311038297933777, 0.31475543079151486, 0.6209425282018475, 0.6912606115489498, 0.5560350255303399, 0.8241135960268077, 0.7819511578940936, 1.0, 0.6583254010292029, 0.929805800920485, 0.7294317879222925, 1.0, 0.4930990920089559, 1.0, 1.0, 0.46447521839333616, 1.0, 1.0, 1.0, 0.6234002756407977, 1.0, 0.4721161151446437, 0.8736502820228836, 1.0, 1.0, 0.9017279971289095, 0.7788879935400462, 1.0, 0.7788879935400462, 0.8050417983753761, 0.5599192379557212, 1.0, 0.6182212286209036, 1.0, 0.7774059469995583, 0.8736502820228836, 0.49013739284015356, 0.7223882847263609, 1.0, 0.8736502820228836, 0.6464456536795795, 1.0, 0.7934713772952081, 0.6807444586183794, 0.8345950659699009, 0.2320916997203112, 0.30492522648209436, 1.0, 1.0, 0.7032079293327445], [0.5512602087618649, 0.48008332129313436, 0.5545948076470018, 0.6521684205005469, 0.42182707382949713, 1.0, 0.5215453378756034, 0.0869914291526076, 0.7774059469995583, 1.0, 0.3730476585526826, 0.5536916206461905, 0.46870490375065216, 0.777297403823501, 0.38050828814671034, 0.5103076376645507, 0.6411309025711288, 0.6492569473823127, 0.32396745717839287, 0.40591338056911674, 0.6075598252854189, 0.644027398318032, 0.4362937645612876, 0.5484322794170609, 0.4120992463690558, 0.40622661858618647, 0.3102288334929221, 0.5715454148876388, 0.4294978712124113, 0.28549861501083895, 0.4685832612119185, 0.7588508922134759, 0.6675528220370377, 0.37573189422940784, 0.5959468814741214, 0.5237488659939524, 0.4362937645612876, 0.3084444878132076, 0.8277816242393052, 0.8205654512855645, 0.36162031483718593, 0.8205654512855645, 0.6424902088852111, 0.6098046972336952, 0.5167868473184211, 0.5202239120205066, 0.2828381366226633, 0.6748637684136296, 0.48835012622179846, 0.5127123294988638, 0.4874246272970938, 0.8229701633752207, 0.43114986127576244, 0.8229701633752207, 0.3798898144749841, 0.4817526143025777, 0.7437889797520149, 0.32396745717839287, 0.4401697417998804, 0.5134919200500446, 0.6403548740812076, 0.3218093477061247, 0.42570049839369073, 0.4414814721840285, 0.6508451099860115, 0.49368630845267447, 0.6624584281865235, 0.5970521207346938, 0.5253236165913259, 0.48686035273629846, 0.3014089714403468, 0.25827731946478333, 0.48835012622179846, 0.6675528220370377, 0.6015814311955929], [0.3159361719026344, 0.4156582926275343, 0.27458407947702074, 0.10088298304246848, 0.6282219657488305, 0.3730476585526826, 0.2526787959294081, 0.08319140152205527, 0.3615212113216147, 0.3730476585526826, 0.9343475378389711, 0.4185408036397324, 0.47881381820391417, 0.3381840040934541, 0.2970183992293376, 0.2654948534536028, 0.3824592009939018, 0.24654098649104056, 0.21652835869896794, 0.2649870185909123, 0.4583457763099277, 0.3065486208744286, 0.6148911923922674, 0.46855509012110313, 0.42024393015722356, 0.24917103518740114, 0.3896729108767616, 0.36659233902105076, 0.4546268389484996, 0.18605226434601552, 0.2292863297179963, 0.6014063490226723, 0.33689995627907304, 0.21771710479326217, 0.26635205956693264, 0.20908578741868364, 0.35681572685625507, 0.32223355852647995, 0.25918156091898714, 0.5045646432431342, 0.2042501250800337, 0.23125886396891, 0.3039171921982164, 0.2547519173384768, 0.4309103568364764, 0.2490859752432902, 0.38854271272387986, 0.4124745367761733, 0.3836739645187167, 0.39185186268948574, 0.24417491969487504, 0.7917713620955692, 0.2279874250137986, 0.7917713620955692, 0.19698514856212299, 0.3756437526101218, 0.29510448319822663, 0.22180687226019655, 0.27656304374279767, 0.2129238891485236, 0.30476644152572013, 0.348349534626638, 0.2898958884064248, 0.218906561988586, 0.22761791698953004, 0.22095083181282962, 0.44091553743193457, 0.28833919696330385, 0.2253447411395172, 0.2804480091874396, 0.15574441606891032, 0.28033768163351613, 0.3836739645187167, 0.3371560861301239, 0.5262634981982905], [1.0, 0.41169121323105556, 1.0, 0.4107473880578072, 0.437205361001279, 0.5536916206461905, 0.7474082904345778, 0.08301248389196639, 0.7788879935400462, 0.5536916206461905, 0.4185408036397324, 1.0, 0.6669535657913975, 0.7788879935400462, 0.24400512642922345, 0.5524363781465422, 1.0, 0.6565900821931779, 0.40976136838766547, 0.3038808778603062, 0.6491820237534196, 0.6464484328346842, 0.5545948076470018, 0.4355014016844659, 1.0, 0.3816051458540097, 0.324584660253591, 0.47743981362402677, 0.2211847077544919, 0.443548967503358, 0.4398485030267529, 0.6952086216953586, 0.561241720476446, 0.33349964591163106, 0.8506159336393803, 0.24632216531548332, 0.5545948076470018, 0.33437684602657386, 1.0, 1.0, 0.7757068141069555, 0.700942418809274, 0.6438495151992933, 0.47447780828013586, 0.559687870749337, 0.489271726978873, 0.44844794412330596, 0.5536916206461905, 0.561241720476446, 0.6483709384323971, 0.7474082904345778, 1.0, 0.40132625252663906, 1.0, 0.35868353879823667, 0.5618622485871484, 0.7823537269363998, 0.40976136838766547, 0.5557795645833535, 0.40658087091582135, 0.8232612117763718, 0.3647449910515056, 0.4160276110177785, 0.2558802831527636, 0.2921216395487501, 0.5620720232284349, 0.7757068141069555, 0.850471209404637, 0.7193709028072764, 0.5573130589577768, 0.07518769348684701, 0.36128238884285924, 0.561241720476446, 0.5545948076470018, 0.4577503331836776], [0.5489054228364202, 0.595727871643502, 0.46424129740316583, 0.3582929803631627, 0.3833363277377475, 0.46870490375065216, 0.5283607239684668, 0.07847808287291977, 0.4613483483334641, 0.46870490375065216, 0.47881381820391417, 0.6669535657913975, 1.0, 0.4267459664084813, 0.2604528599161107, 0.2776649917189529, 0.7009424188092742, 0.38361545419868265, 0.37394969574532533, 0.253560956743261, 0.5499747100203237, 0.5239674419858231, 0.461078318618463, 0.4499369209837036, 0.6661993329458645, 0.4001120304659263, 0.33257870469117645, 0.5016570654755622, 0.4751359451879887, 0.41340730604362586, 0.36763294434714916, 0.5431780312427205, 0.3432113866617164, 0.3076992493579012, 0.4598623377721605, 0.2086459554406086, 0.3671909265158433, 0.3657716114763733, 0.7044612345231823, 0.7009424188092742, 0.300580807912054, 0.355152641874732, 0.37603026716903337, 0.3268149621851533, 0.4374408228689905, 0.36232423299441086, 0.45856879331246825, 0.5501852719317414, 0.40045676280581877, 0.4101462065192863, 0.5001149976628274, 0.8748485929587531, 0.35605583053912404, 0.8748485929587531, 0.3603235506628019, 0.3946013993614977, 0.39904290528000064, 0.3870165921367153, 0.37033606188152574, 0.40210765712977836, 0.4448832201919428, 0.39949642658787654, 0.4156392022184576, 0.42432365908604647, 0.38221732805197417, 0.40505972195536694, 0.4578653656333109, 0.48500541566132366, 0.4043837213425328, 0.33642120109346924, 0.18134959187394104, 0.4158750773148307, 0.40045676280581877, 0.34253427891609084, 0.3989525193632741], [0.7788879935400462, 0.7090661400082422, 1.0, 0.7757068141069555, 0.4598575691187735, 0.777297403823501, 1.0, 0.7052844112341923, 1.0, 0.777297403823501, 0.3381840040934541, 0.7788879935400462, 0.4267459664084813, 1.0, 0.5211453659552647, 1.0, 1.0, 1.0, 0.5971805804285928, 0.623496672987539, 0.3610147292539102, 0.7454827472268583, 1.0, 0.4248370216772815, 0.551413628213911, 0.6827080668107612, 0.44135045955082103, 0.5777543170130611, 0.7167993560529351, 0.5963165372631763, 0.8401032691152797, 0.7819511578940936, 1.0, 0.6885866657261424, 0.929805800920485, 0.9076738101416628, 1.0, 0.49171012930054087, 1.0, 1.0, 0.6437360980260798, 1.0, 1.0, 1.0, 0.5599192379557212, 1.0, 0.42956059894568605, 0.8894439967700232, 1.0, 1.0, 0.9115551974160185, 0.7788879935400462, 1.0, 0.7788879935400462, 0.9033138012464668, 0.6088171004050855, 1.0, 0.6373162976176268, 1.0, 0.777297403823501, 0.7456067965709238, 0.5788545020666446, 0.7320016517921472, 1.0, 0.8736502820228836, 0.6464456536795795, 1.0, 0.8192874551333071, 0.6807444586183794, 0.9218554430949075, 0.3417928854745524, 0.37443270383388494, 1.0, 1.0, 0.6158520562568561], [0.2422695907537571, 0.46426543742155396, 0.35965526143474946, 0.37092687662898866, 0.4908168009203535, 0.38050828814671034, 0.31176672227839425, 0.3620872285907025, 0.43252884582375045, 0.38050828814671034, 0.2970183992293376, 0.24400512642922345, 0.2604528599161107, 0.5211453659552647, 1.0, 0.5993590942054807, 0.2905272057675516, 0.3340238916630958, 0.26666904275177045, 0.4458188945008601, 0.29783778375631065, 0.502575838685666, 0.7082785185991101, 0.3524370768240839, 0.336911553459074, 0.3658354364129425, 1.0, 0.28981618280277455, 0.5653480834235641, 0.22154610936166613, 0.33572776214258293, 0.5259911509751506, 0.5246250239636606, 0.315904881185355, 0.4454210570909561, 0.4773211980404095, 0.33613352441845945, 0.5254277439445059, 0.5659861079912659, 0.3407778310057792, 0.4145137627127367, 0.6725800481870964, 0.45241533833948216, 0.48266618610599377, 0.27987380133589196, 0.3709124891669466, 0.31247951707616745, 0.4714188164176383, 0.26260879847993496, 0.40868635200474196, 0.2995568625633099, 0.2587881039714922, 0.6218173699181997, 0.2587881039714922, 0.36163904519176765, 0.2570103233142009, 0.43133332997026347, 0.2745102715399636, 0.320956032828367, 0.5852994967943816, 0.35079662650804894, 0.29732955973259073, 0.34000137005653763, 0.347026369911867, 0.3011706884102575, 0.42852898473695566, 0.4883349051808854, 0.47424275572504543, 0.3929777963289438, 0.4135831616989579, 0.2594557313306864, 0.17976471858586626, 0.26260879847993496, 0.5246250239636606, 0.6955460735901697], [0.4007172733464288, 0.5830653696811084, 0.8596116018409701, 0.4648185443810169, 0.41809282543569004, 0.5103076376645507, 0.6846941205285373, 0.6414606590284537, 1.0, 0.5103076376645507, 0.2654948534536028, 0.5524363781465422, 0.2776649917189529, 1.0, 0.5993590942054807, 1.0, 0.4623436953737176, 0.6848038962358031, 0.45558995056760987, 0.511389060262697, 0.4077984407907386, 0.4644687124045096, 0.929805800920485, 0.38164022565669303, 0.24437184284836908, 0.5510722018218698, 0.43842545798999116, 0.48748508183383077, 0.6633730530372917, 0.49321583010756126, 0.6166207979192252, 0.492143511745694, 1.0, 0.4731050548966871, 0.7939610946225589, 0.697155370149531, 0.929805800920485, 0.41883627743330964, 0.6392333005416806, 0.887689281472776, 0.4880971928644878, 1.0, 0.9438446407363881, 0.9376051563737645, 0.35412666172685764, 0.6855999860105201, 0.2708278474464129, 0.5931320660164849, 0.7954087593013542, 0.8406491817904239, 0.6431322016642005, 0.4623436953737176, 1.0, 0.4623436953737176, 0.6161757781700976, 0.33540068222841946, 0.621237497677438, 0.45558995056760987, 0.8207303295142269, 0.7892176918430909, 0.460058440512484, 0.41287956311175644, 0.5552326699383453, 0.7100204958660344, 0.6842033084862631, 0.498806917283342, 0.777297403823501, 0.7135841158682478, 0.4436106810476289, 0.8122526077316378, 0.28338952751891083, 0.297285089424459, 0.7954087593013542, 1.0, 0.7001640426278612], [1.0, 0.3705299728892561, 1.0, 0.5514136282139112, 0.5479995971412986, 0.6411309025711288, 0.8231103948320371, 0.1108754457684329, 1.0, 0.6411309025711288, 0.3824592009939018, 1.0, 0.7009424188092742, 1.0, 0.2905272057675516, 0.4623436953737176, 1.0, 0.7916610880210077, 0.4986101111843993, 0.34111917772819333, 0.5490416256771008, 0.7757068141069555, 0.7051839913867283, 0.39805827721271286, 1.0, 0.4876845214608306, 0.3769238993869683, 0.5977346665683888, 0.25353021154060956, 0.5548764041195304, 0.5535344145026382, 0.8366570501827983, 0.7051839913867283, 0.41331780218798414, 0.6413045716528207, 0.3011299487937833, 0.7051839913867283, 0.3998865809052762, 1.0, 1.0, 0.7044890647868455, 1.0, 0.7788879935400462, 0.5673904462432143, 0.7865294794637968, 0.8231103948320371, 0.5122545513988472, 0.7757068141069555, 0.7051839913867283, 0.7815756795004501, 0.8231103948320371, 1.0, 0.32792961921714714, 1.0, 0.46424129740316583, 0.6542869454831466, 1.0, 0.4986101111843993, 0.7051839913867283, 0.46219287875959836, 1.0, 0.4476196273731039, 0.4986101111843993, 0.3368025187100964, 0.32499243078877993, 0.7661160833353119, 1.0, 0.7757068141069555, 0.832311938918938, 0.5645635114431492, 0.0793528773360348, 0.27719661682010155, 0.7051839913867283, 0.7051839913867283, 0.5488531049094517], [0.6564392652488431, 0.36119343239268087, 1.0, 0.8183665171569899, 0.4967323577820844, 0.6492569473823127, 0.7634316636731274, 0.40282593261760175, 1.0, 0.6492569473823127, 0.24654098649104056, 0.6565900821931779, 0.38361545419868265, 1.0, 0.3340238916630958, 0.6848038962358031, 0.7916610880210077, 1.0, 0.41552916980835103, 0.32464637587567624, 0.22371924536738313, 0.5659963378431657, 0.6282497572006287, 0.2433085040446579, 0.4632820411409875, 0.5773443962199188, 0.2239731798970399, 0.36997998850711006, 0.43860171710868245, 0.44864128101671596, 0.5989137212383393, 0.5669411185966848, 0.8809491931548614, 0.4248332002563213, 0.5014337669306465, 0.5117324101270951, 0.6314892587991768, 0.370737621280207, 1.0, 1.0, 0.2503621222585289, 0.8205654512855645, 0.8958305440105038, 0.7851757549453259, 0.43104825649944767, 0.7636553566347479, 0.19230315665046965, 0.513497528459465, 0.7136993877073693, 0.6774971218266617, 0.7086987412612462, 0.4795107174816414, 0.6394501473405569, 0.4795107174816414, 0.5127598423795922, 0.3994986282655214, 0.7136993877073693, 0.4378650207641031, 0.6166578455287332, 0.642415080985222, 0.7852745407805269, 0.3263020021241027, 0.5306346372485666, 0.8049314242680626, 0.8958305440105038, 0.5527548098597391, 0.6282219410583154, 0.5488136915264995, 0.5636797180483708, 0.6453082466752841, 0.4325912580947858, 0.3656937067994946, 0.7136993877073693, 0.8809491931548614, 0.4498258164936441], [0.40967312548903984, 0.28690531371345374, 0.7141027109058585, 0.3358579381472663, 0.19159193723587703, 0.32396745717839287, 0.4681384459813473, 0.5564219225566204, 0.5763321240825103, 0.32396745717839287, 0.21652835869896794, 0.40976136838766547, 0.37394969574532533, 0.5971805804285928, 0.26666904275177045, 0.45558995056760987, 0.4986101111843993, 0.41552916980835103, 0.9028558921286923, 0.3068261074375242, 0.31142119488896614, 0.47476056293607616, 0.6345194078272722, 0.2626970069001758, 0.3050342459000745, 0.40745165161188374, 0.33812923079027524, 0.4659384901492962, 0.36235101835683764, 0.3762862593790576, 0.8124960256400536, 0.3143159436589757, 0.5994948236126718, 0.4004528596101897, 0.4039550212007495, 0.3814244274760735, 0.7085829580019299, 0.5433151118617646, 0.37643869338273694, 0.7549451807764501, 0.4730034078040199, 0.566530449656417, 0.5423488709991061, 0.5679520985407891, 0.576683253241974, 0.5247701318088412, 0.3355310087401261, 