8-class

done in 58.796000s
done in 161.850000s
done in 33.462000s
done in 72.603000s
done in 150.509000s
done in 99.387000s
done in 132.928000s
done in 62.665000s
done in 72.244000s
done in 99.418000s
done in 250.802000s
done in 71.713000s
done in 166.140000s
done in 75.301000s
done in 179.275000s
done in 131.649000s
done in 70.137000s
done in 112.991000s
done in 218.228000s
done in 156.344000s
done in 117.000000s
done in 161.834000s
done in 71.354000s
done in 181.647000s
done in 71.432000s
done in 251.051000s
done in 137.748000s
done in 171.522000s
done in 174.408000s
done in 181.756000s
done in 167.544000s
done in 120.166000s
done in 81.869000s
done in 286.541000s
done in 139.948000s
done in 135.829000s
done in 73.803000s
done in 297.898000s
done in 36.410000s
done in 33.166000s
done in 82.555000s
done in 54.163000s
done in 75.848000s
done in 133.177000s
done in 145.673000s
done in 181.552000s
done in 116.439000s
done in 102.773000s
done in 69.560000s
done in 92.914000s
done in 141.102000s
done in 57.486000s
done in 94.629000s
done in 57.455000s
done in 159.494000s
done in 140.416000s
done in 52.619000s
done in 211.906000s
done in 87.797000s
done in 105.893000s
done in 77.501000s
done in 148.480000s
done in 230.272000s
done in 93.444000s
done in 129.886000s
done in 131.118000s
done in 97.780000s
done in 130.307000s
done in 126.235000s
done in 115.628000s
done in 87.360000s
done in 206.403000s
done in 69.436000s
done in 89.310000s
done in 73.991000s
[[1.0, 0.093594074165898045, 0.2021191177430286, 0.13491114391440906, 0.056061414968974432, 0.15769925539040797, 0.074670979142090754, 0.0, 0.16258011976887055, 0.15769925539040797, 0.11582168369281831, 0.17991533357608314, 0.055175335920781499, 0.18378424335604981, 0.094344065941013078, 0.15536680219815679, 0.17805684431275759, 0.28162413154468768, 0.083316084718150774, 0.068837104770563484, 0.081317761437976532, 0.17195700694616478, 0.13315332964524618, 0.18678691121340674, 0.10571452288689609, 0.10363479418526211, 0.1530200160487738, 0.14453822877470401, 0.041026255336020001, 0.088251632453912432, 0.128212489490524, 0.20409884620228025, 0.14512826271785584, 0.10128458201561419, 0.14089135137619002, 0.17116552635915228, 0.22299195847234654, 0.079350823262130721, 0.12158068840346736, 0.22056271215002543, 0.10861461688304086, 0.11934270931119217, 0.12393697369312473, 0.17253825329818884, 0.27077031348514813, 0.2444835914111827, 0.065952151079351151, 0.12058855705573834, 0.18179140096588897, 0.19634169781761945, 0.076942537092571706, 0.13290078873082645, 0.16857725381919197, 0.13290078873082645, 0.20504806588681634, 0.25998713009904506, 0.15276151459793541, 0.083316084718150774, 0.29498011007728264, 0.21625145287786562, 0.067749545942234923, 0.091585616590847629, 0.11757268862525427, 0.17431319381348065, 0.20931374916105927, 0.23052120388918529, 0.12644777490653902, 0.14867656308199484, 0.099791318170732612, 0.12441722102748842, 0.10347267590694043, 0.14762207326702415, 0.18179140096588897, 0.1314981101655287, 0.066020258232308504], [0.093594074165898045, 1.0, 0.14310272142481184, 0.30845389968358561, 0.36647710449595938, 0.2929275618903413, 0.44680463625221079, 0.086956129470670773, 0.32074974774634535, 0.2929275618903413, 0.35284452443475622, 0.16758166556279697, 0.35389279478394342, 0.32908492034601877, 0.50311445949906708, 0.36768206299286998, 0.10554238130421822, 0.39628071143336707, 0.40922993152555476, 0.35469953691147538, 0.20187397526113426, 0.3499428506728105, 0.24349571791459146, 0.42356308305056845, 0.24193803571121686, 0.34665240434853928, 0.29690737489425112, 0.37703439060351762, 0.52033626997097016, 0.29688115739226639, 0.39912106125126767, 0.32412115731818825, 0.41745161708885858, 0.33678756047568947, 0.34508139457024745, 0.41694282556140927, 0.31559922312965871, 0.31683493329179269, 0.23311437178825767, 0.11130902163392553, 0.1381538629673944, 0.23743451553883987, 0.37761940035640162, 0.32516225146621425, 0.27494882356948647, 0.41300014680233699, 0.29835040404947566, 0.2746433205552079, 0.19808542847538824, 0.28945639900121645, 0.45979534493965912, 0.082442114364755348, 0.47843184045517917, 0.082442114364755348, 0.37045716247694727, 0.37480147308759704, 0.22542392269740985, 0.40922993152555476, 0.18049676187348529, 0.45375934602778456, 0.32066923056450924, 0.30135612881118778, 0.38577209256428169, 0.3811180936744416, 0.4273273625051448, 0.30210948582635699, 0.26274887260120483, 0.34392456049938513, 0.23978151623222599, 0.48978049261400824, 0.2524172697107202, 0.35643100870004796, 0.19808542847538824, 0.32873284712899531, 0.2374473743670924], [0.2021191177430286, 0.14310272142481184, 1.0, 0.37635922150434797, 0.055385155113132467, 0.11749915845002001, 0.10899010623052019, 0.17537887487646786, 0.36029259756675602, 0.11749915845002001, 0.12873896897874348, 0.26137422198378268, 0.078682213018152147, 0.30995251490061548, 0.099619990670813952, 0.17448367238726148, 0.31666189957805457, 0.27222607399452392, 0.1306926020652569, 0.2502129774286872, 0.14431116062524885, 0.22554581152294118, 0.1682760638995936, 0.11375943258940646, 0.33629747338032823, 0.065426590891555336, 0.21523579275417593, 0.24071663639181529, 0.11921063492928907, 0.18060288922386347, 0.15255626716534332, 0.23725851015187893, 0.27379667192119184, 0.10329729668869503, 0.17656963725862029, 0.14257076900668042, 0.62984768487119491, 0.061252263540100382, 0.43069281408297777, 0.52823956785529202, 0.16884342267016417, 0.47978171628991106, 0.29547698406133416, 0.47699461199790838, 0.17592046465645894, 0.2137757322053816, 0.11778916118335947, 0.15225588959501313, 0.3834370975041701, 0.25156582806161498, 0.10513568145319607, 0.25803586124334288, 0.28827292933121806, 0.25803586124334288, 0.18610483226248586, 0.17973393450106412, 0.25015000300156021, 0.1306926020652569, 0.3528678757069923, 0.22074890629685218, 0.13857706672931891, 0.12044394203857878, 0.11429841251885364, 0.313473191384397, 0.27319032779841057, 0.33854766654116852, 0.19598063432446944, 0.19017403057328819, 0.13670224205786063, 0.22277645871923102, 0.21679140038997968, 0.17376308895665316, 0.3834370975041701, 0.16632095690969495, 0.082916391337805595], [0.13491114391440906, 0.30845389968358561, 0.37635922150434797, 1.0, 0.1833239100933155, 0.20069965604801387, 0.27660158374525379, 0.24260749221245059, 0.47943072851712265, 0.20069965604801387, 0.21144287684702712, 0.21089898468501889, 0.10606951138072906, 0.48239811170089619, 0.2467426521136129, 0.26194209742211727, 0.23518609308339622, 0.40630509390366465, 0.23995186504324328, 0.52348382065985177, 0.28718980063137756, 0.4303075854279258, 0.35413736534278661, 0.18149245863483598, 0.47686037699221273, 0.11473045584439923, 0.21934317995163188, 0.14075808278062651, 0.19591029814908911, 0.20179872326726267, 0.25639985444421254, 0.33136991291164375, 0.60009907822023512, 0.13222528194808447, 0.23940060084757675, 0.26443510247220658, 0.33935270416179886, 0.12252136218576648, 0.67706559756050966, 0.33184689521893906, 0.23416614394010404, 0.66946636629387091, 0.39575537911692937, 0.5711003927717595, 0.50640778294199396, 0.34338705583296281, 0.24289784461415165, 0.35065231065905722, 0.15775035758911038, 0.32362138352528214, 0.26668605106816279, 0.19701329725353189, 0.36588809970329206, 0.19701329725353189, 0.2058325988260038, 0.477263027221137, 0.44880991968795603, 0.23995186504324328, 0.31455867561111428, 0.35145506660758696, 0.35025882969408406, 0.13753513575958654, 0.14472142738075733, 0.38539964333760535, 0.40652969617505708, 0.41205526420786875, 0.46877527301113009, 0.26257859184748855, 0.21549517368318283, 0.28069309463370284, 0.3676431118929997, 0.15319510613060106, 0.15775035758911038, 0.47826293288843502, 0.29937523702539981], [0.056061414968974432, 0.36647710449595938, 0.055385155113132467, 0.1833239100933155, 1.0, 0.28395155725724497, 0.37631521576001159, 0.052526930466843869, 0.18962866025594116, 0.28395155725724497, 0.3366772706449721, 0.081538742243838724, 0.38145058041279323, 0.17005476304186706, 0.27280668174282174, 0.28609567884334719, 0.13357387494612583, 0.3119122377207344, 0.31646574286391937, 0.23447190747049318, 0.18240248896295508, 0.24703372462229689, 0.12607736548143356, 0.13073547323848644, 0.11969005373557584, 0.36119707418241431, 0.17695627762735533, 0.24734778953964054, 0.47282854903045091, 0.33242331172982253, 0.38508295084110866, 0.3882121681946934, 0.25841243095219668, 0.24958153114585202, 0.28742358198214868, 0.39343146916831462, 0.1432045981357406, 0.17195677706554735, 0.15231985419095961, 0.055273508721981668, 0.17500605559851679, 0.15822548307198225, 0.1865378853455032, 0.20584974676948231, 0.26912814429081544, 0.35334757587389687, 0.37400184186650076, 0.35736805248534131, 0.13632785610987297, 0.22863234995898951, 0.36017087856192798, 0.25540367067604419, 0.23063336566724357, 0.25540367067604419, 0.27328402773533333, 0.30055234381902007, 0.16537260439385859, 0.31646574286391937, 0.11856016295589022, 0.28220028746140446, 0.35290434836173878, 0.29650142186594952, 0.42453005533768462, 0.37091007187456138, 0.24910353827530418, 0.22595932796084905, 0.22212248087437403, 0.29561437574989102, 0.31935486015111492, 0.23354538482518794, 0.13151360708384496, 0.23044458256175793, 0.13632785610987297, 0.23259594650924309, 0.39180086207755438], [0.15769925539040797, 0.2929275618903413, 0.11749915845002001, 0.20069965604801387, 0.28395155725724497, 1.0, 0.38947918855193087, 0.054533548963347722, 0.39176728882352974, 1.0, 0.42990296541652084, 0.095849527837536419, 0.51069236600056556, 0.26122207532293085, 0.26811777151269789, 0.23002323281674131, 0.073930252090304238, 0.38317637815062522, 0.25763616443891246, 0.17657835085538043, 0.45177704061405977, 0.29636317468435003, 0.20184342989459148, 0.28566925312654134, 0.15381778512498201, 0.22220163211437205, 0.24674571996371319, 0.48598352742161099, 0.39557635323624452, 0.25845097398540573, 0.23861450716606514, 0.46543719463593769, 0.30857665003202928, 0.31221171919370683, 0.31138795321593538, 0.36966669516563611, 0.22594858427330478, 0.23679379353090813, 0.099056840194637896, 0.14503348490395018, 0.10885226807859583, 0.15027300581602954, 0.38652375025275509, 0.25593999803489675, 0.33316998377396767, 0.39953785160577215, 0.344332087506524, 0.48004213416090924, 0.34904219984341656, 0.25329324502989725, 0.38519184631086489, 0.045469974820744774, 0.19935923097456421, 0.045469974820744774, 0.2216671356151213, 0.35538214559490999, 0.32462753247601384, 0.25763616443891246, 0.17558228413588295, 0.30761637435149969, 0.37424434355721425, 0.3082116701813713, 0.16871527987207879, 0.2574608656972297, 0.40381223885985662, 0.15063640744709805, 0.25134659039656848, 0.18400561746434607, 0.27042052323651189, 0.32024530009423446, 0.24306078380831797, 0.23785496525236838, 0.34904219984341656, 0.32529422557863519, 0.11467511533875085], [0.074670979142090754, 0.44680463625221079, 0.10899010623052019, 0.27660158374525379, 0.37631521576001159, 0.38947918855193087, 1.0, 0.085711501144499769, 0.40258554287866699, 0.38947918855193087, 0.31199116157690432, 0.2823723125435541, 0.24445640620073417, 0.29314119594932186, 0.39858866648943991, 0.41026882445016466, 0.11284259241899197, 0.45617695460864427, 0.36227617817880631, 0.31106831567154525, 0.32483215446474123, 0.41948561862033029, 0.24323179119979932, 0.41293813653712508, 0.20542771399577398, 0.39006682662463332, 0.22660175536200422, 0.33634975400479838, 0.31098764071935636, 0.31150125131537498, 0.3128941126290935, 0.37915445561293393, 0.26934603436608229, 0.37650074058222238, 0.43181647909596332, 0.38294343242448514, 0.1995830925108919, 0.29833860470712159, 0.16086749399761846, 0.12141312688100026, 0.22563660788148232, 0.18691798556066652, 0.42941440093185379, 0.28189361653301059, 0.41956586352892611, 0.40714219545848618, 0.42480932162022611, 0.32363289330981748, 0.31670692311527804, 0.29546306161785374, 0.90087145343814201, 0.079314613752843433, 0.40567215811124102, 0.079314613752843433, 0.26887880817242593, 0.48100768831926055, 0.34456798658102883, 0.36227617817880631, 0.1757893505406255, 0.24144226583234041, 0.39064522932954959, 0.24208047054512249, 0.27844067648820747, 0.31240746780625117, 0.39417858205626433, 0.28487604419802104, 0.26343709233798529, 0.3615594310193575, 0.26159828670786001, 0.49913431379543594, 0.25093748674016891, 0.35242989011202719, 0.31670692311527804, 0.3019049726545906, 0.17542807221118484], [0.0, 0.086956129470670773, 0.17537887487646786, 0.24260749221245059, 0.052526930466843869, 0.054533548963347722, 0.085711501144499769, 1.0, 0.091660643893434424, 0.054533548963347722, 0.10147020759265157, 0.075734595026787144, 0.045306061130730102, 0.12470853102706658, 0.046376184939894816, 0.12691111761336427, 0.090078580729461066, 0.072111171901517834, 0.10520271790338231, 0.08311619038290341, 0.033604271095005744, 0.13394675913791854, 0.060267928338779697, 0.14323383740214501, 0.24022406249035577, 0.059336816331623798, 0.11161793180301993, 0.15238676792223138, 0.044889069768621503, 0.15897004910697732, 0.095148919627553674, 0.27492179964884311, 0.042392330788448618, 0.061561350728990938, 0.065363130334042618, 0.11890485194374811, 0.16539120219809311, 0.067737035477030916, 0.090078580729461066, 0.25868390712898348, 0.063771848367601636, 0.19842220305146741, 0.10523941404524328, 0.1896517165167112, 0.11652885615729158, 0.14765578808100521, 0.079289487565256667, 0.014292454320578463, 0.094635737515765928, 0.11958515159802552, 0.082427606306844647, 0.068264056649166238, 0.12432359163183959, 0.068264056649166238, 0.14527539911060749, 0.10634192533137587, 0.059578252280491406, 0.10520271790338231, 0.28092482376613082, 0.059312971105195289, 0.068403496943951203, 0.10057681209405012, 0.038630432133365034, 0.06890716481358794, 0.033926196909782491, 0.14712728137144349, 0.20541931310706807, 0.06887336177447978, 0.011789389371829606, 0.062995915859222262, 0.089661950021150294, 0.099014146691627669, 0.094635737515765928, 0.051965818206157088, 0.0], [0.16258011976887055, 0.32074974774634535, 0.36029259756675602, 0.47943072851712265, 0.18962866025594116, 0.39176728882352974, 0.40258554287866699, 0.091660643893434424, 1.0, 0.39176728882352974, 0.27387322074684584, 0.21887064829954139, 0.22263498455125952, 0.42499873903093977, 0.25396735180840957, 0.33629747338032823, 0.19809937060595084, 0.44276784537857306, 0.29731326313445017, 0.68162599482925934, 0.24038017776922871, 0.34630227486314047, 0.27963514874369466, 0.20935097472508235, 0.25889778222429871, 0.17047072873756397, 0.26472181742983225, 0.3400804548760904, 0.28723245605053838, 0.30671743650508532, 0.25449695719150311, 0.36032496020170524, 0.51845327380978445, 0.22407612446406044, 0.33555680592708159, 0.47244617905485764, 0.44617242183931605, 0.17432828325967398, 0.4572451390666088, 0.32130277644604832, 0.16242241512781519, 0.51723679434666103, 0.72925996631920265, 0.64826329058047172, 0.36165466292557213, 0.47396746972695947, 0.44346835520963113, 0.29824909773310115, 0.51903056990148011, 0.33315386528966939, 0.38991718606294778, 0.15818482254704958, 0.45884706619613469, 0.15818482254704958, 0.26022129193445276, 0.37407602544893015, 0.66954804613396757, 0.29731326313445017, 0.34739557528279363, 0.37764644802012115, 0.46122056693847291, 0.33210294163753118, 0.25643916796494992, 0.48037658234378955, 0.61542340208501312, 0.40782065320368333, 0.35735686724401128, 0.2925264304523878, 0.36506253529667809, 0.38211189177512539, 0.40853384309404417, 0.2190068830289098, 0.51903056990148011, 0.40259690378777102, 0.25435290965944657], [0.15769925539040797, 0.2929275618903413, 0.11749915845002001, 0.20069965604801387, 0.28395155725724497, 1.0, 0.38947918855193087, 0.054533548963347722, 0.39176728882352974, 1.0, 0.42990296541652084, 0.095849527837536419, 0.51069236600056556, 0.26122207532293085, 0.26811777151269789, 0.23002323281674131, 0.073930252090304238, 0.38317637815062522, 0.25763616443891246, 0.17657835085538043, 0.45177704061405977, 0.29636317468435003, 0.20184342989459148, 0.28566925312654134, 0.15381778512498201, 0.22220163211437205, 0.24674571996371319, 0.48598352742161099, 0.39557635323624452, 0.25845097398540573, 0.23861450716606514, 0.46543719463593769, 0.30857665003202928, 0.31221171919370683, 0.31138795321593538, 0.36966669516563611, 0.22594858427330478, 0.23679379353090813, 0.099056840194637896, 0.14503348490395018, 0.10885226807859583, 0.15027300581602954, 0.38652375025275509, 0.25593999803489675, 0.33316998377396767, 0.39953785160577215, 0.344332087506524, 0.48004213416090924, 0.34904219984341656, 0.25329324502989725, 0.38519184631086489, 0.045469974820744774, 0.19935923097456421, 0.045469974820744774, 0.2216671356151213, 0.35538214559490999, 0.32462753247601384, 0.25763616443891246, 0.17558228413588295, 0.30761637435149969, 0.37424434355721425, 0.3082116701813713, 0.16871527987207879, 0.2574608656972297, 0.40381223885985662, 0.15063640744709805, 0.25134659039656848, 0.18400561746434607, 0.27042052323651189, 0.32024530009423446, 0.24306078380831797, 0.23785496525236838, 0.34904219984341656, 0.32529422557863519, 0.11467511533875085], [0.11582168369281831, 0.35284452443475622, 0.12873896897874348, 0.21144287684702712, 0.3366772706449721, 0.42990296541652084, 0.31199116157690432, 0.10147020759265157, 0.27387322074684584, 0.42990296541652084, 1.0, 0.090798458555544803, 0.41729563871345554, 0.18868121375129909, 0.27431948392852223, 0.24559912740675738, 0.11710511917059985, 0.31197929260059387, 0.25214216984391258, 0.14846796044047272, 0.35449164454641213, 0.3193429438053369, 0.16519126872131351, 0.30222453156221429, 0.24314168547138459, 0.35196267981587992, 0.3438184496634239, 0.45315450537037738, 0.42371693778283581, 0.31392862366200769, 0.26233841350472531, 0.44258324967033935, 0.26800303512869517, 0.27708710895745114, 0.28666813970823346, 0.27978183634478448, 0.2420996955960526, 0.27016980754497244, 0.10463345554584458, 0.13872412746932672, 0.14908556922578109, 0.1262186932045396, 0.27249943799430221, 0.2090730827710775, 0.35573324362872794, 0.3466180250229921, 0.33671532522887337, 0.33491267132897029, 0.25577237916180107, 0.28952244250799841, 0.30246451932771856, 0.11530319068868289, 0.19805184290689604, 0.11530319068868289, 0.25074811935138319, 0.38490885884823589, 0.18525169765433791, 0.25214216984391258, 0.15237707530623945, 0.2565762888831512, 0.25524112835898427, 0.40061245266133771, 0.22559945601023401, 0.30592032167997019, 0.23560918148910348, 0.16252839113664641, 0.21275540626745715, 0.18400820835139109, 0.21296036585348277, 0.31291647550424562, 0.24838774674857644, 0.20976645011611417, 0.25577237916180107, 0.25361026388439722, 0.17516395255186201], [0.17991533357608314, 0.16758166556279697, 0.26137422198378268, 0.21089898468501889, 0.081538742243838724, 0.095849527837536419, 0.2823723125435541, 0.075734595026787144, 0.21887064829954139, 0.095849527837536419, 0.090798458555544803, 1.0, 0.081205873532488315, 0.33078553280582945, 0.16691062986683669, 0.34515864188257372, 0.30582480984201654, 0.19761977417638821, 0.12634110924371378, 0.23419514642398598, 0.26396965079176582, 0.19893353100153177, 0.24101393268778326, 0.1854996919861992, 0.18553331230595838, 0.13965221682496853, 0.14952399436798691, 0.24604204461106582, 0.086035354626594063, 0.11914967999313253, 0.13555585397780634, 0.22867144796031469, 0.16733360021354693, 0.13130719964678517, 0.20067152470324157, 0.14949851139102355, 0.27980646634791662, 0.091006358790027053, 0.19516387131922885, 0.28744287485463238, 0.43021315177566033, 0.20826416174086659, 0.19750171239752656, 0.2540409685725421, 0.18962225446338721, 0.23261167322383547, 0.17504585841287545, 0.17167310727201435, 0.28918134668908924, 0.24252360313784116, 0.27355557977819511, 0.17996111792431324, 0.35350432611907667, 0.17996111792431324, 0.11919247274012257, 0.21070619891999953, 0.28731846480946499, 0.12634110924371378, 0.31668679187098503, 0.13648813666161164, 0.17797255813721036, 0.092028132709194299, 0.12946050531327391, 0.18984769998104289, 0.1904634037220635, 0.27854235124148563, 0.22991399026398862, 0.217519282814157, 0.15357790752356104, 0.31875966224095686, 0.23197873054075768, 0.22066864726397839, 0.28918134668908924, 0.22579823094693652, 0.1398952274401567], [0.055175335920781499, 0.35389279478394342, 0.078682213018152147, 0.10606951138072906, 0.38145058041279323, 0.51069236600056556, 0.24445640620073417, 0.045306061130730102, 0.22263498455125952, 0.51069236600056556, 0.41729563871345554, 0.081205873532488315, 1.0, 0.17348373409051909, 0.18309552101663162, 0.14066462597955787, 0.046148397334929481, 0.24808323981467695, 0.28462728686298933, 0.085649699402876811, 0.39661466141785273, 0.17896866050035376, 0.14792758684471297, 0.31796056982901377, 0.11951683109099931, 0.28666820637266299, 0.21763297367298762, 0.50790015043179371, 0.56287123542832451, 0.25793508121952924, 0.29928912838648969, 0.37714764842355164, 0.16869015783225927, 0.22457415931036306, 0.29520678315404725, 0.2701962464400105, 0.22924493030737758, 0.20314142861506079, 0.074855681412218766, 0.10905427893763264, 0.05981499394577261, 0.076488906244240651, 0.23912283626612141, 0.19284420089606891, 0.16090203891564925, 0.2845712431950177, 0.29754316624325527, 0.42383943492310316, 0.22113413487030498, 0.18704925188284971, 0.2672152199942045, 0.15392033733046584, 0.186677006251877, 0.15392033733046584, 0.20537171924446607, 0.18892193788964928, 0.1145710226765444, 0.28462728686298933, 0.17779430608176716, 0.24928240425246428, 0.24453923422218071, 0.30837050497930829, 0.33732095275271812, 0.32897257189036744, 0.320433528045594, 0.18741763568130176, 0.13760422410673612, 0.26015684785939697, 0.13921169271533429, 0.22192892008852716, 0.19651744899590684, 0.28913170920163545, 0.22113413487030498, 0.17467094004211536, 0.14296000001959597], [0.18378424335604981, 0.32908492034601877, 0.30995251490061548, 0.48239811170089619, 0.17005476304186706, 0.26122207532293085, 0.29314119594932186, 0.12470853102706658, 0.42499873903093977, 0.26122207532293085, 0.18868121375129909, 0.33078553280582945, 0.17348373409051909, 1.0, 0.24168897678829582, 0.37100675640207748, 0.327672398475645, 0.4398506069067728, 0.21091364880490349, 0.42466492114449295, 0.24097969919989393, 0.38674959175333712, 0.4912304300163769, 0.13233003848280911, 0.21293394241113039, 0.18215126984144092, 0.21358918408814609, 0.29433297620570742, 0.22947574900436174, 0.20824303257598431, 0.24468274225191045, 0.42451775136893832, 0.63065252627589019, 0.17972555922889988, 0.21834339522448121, 0.29923124472681861, 0.43672036197170772, 0.12984058924274422, 0.46207996919369498, 0.38122469111729829, 0.29855973436254879, 0.43467918058329091, 0.42986367211647925, 0.51340608923018216, 0.41573510986249607, 0.40434033900766064, 0.29910132944884071, 0.32753179421270262, 0.3650163211836458, 0.47482268761919266, 0.28311323736953931, 0.18689084569457304, 0.36007597135992842, 0.18689084569457304, 0.20398025315277546, 0.48740936539480173, 0.51641946978919173, 0.21091364880490349, 0.41782193642329357, 0.34092377344062785, 0.40235641558438817, 0.20425036517249495, 0.18186244276049091, 0.3969331198687196, 0.46913301065609181, 0.39099442753651859, 0.41404604570536019, 0.2656137890110718, 0.33681304774713494, 0.35059297045522142, 0.44828832393105833, 0.23934436990126828, 0.3650163211836458, 0.72484967302252201, 0.35188676805567387], [0.094344065941013078, 0.50311445949906708, 0.099619990670813952, 0.2467426521136129, 0.27280668174282174, 0.26811777151269789, 0.39858866648943991, 0.046376184939894816, 0.25396735180840957, 0.26811777151269789, 0.27431948392852223, 0.16691062986683669, 0.18309552101663162, 0.24168897678829582, 1.0, 0.46562937001938098, 0.064819211704968405, 0.32862596133922051, 0.28051834979188894, 0.2559202703264416, 0.18155961957487665, 0.27065148914366699, 0.19292445621787213, 0.32267466425993219, 0.19612524265664844, 0.33657322542741963, 0.37412845077261014, 0.25029765310463037, 0.39344142262779092, 0.31815552701641625, 0.28455848283165486, 0.24745330336766147, 0.33105472751395149, 0.2729672434821987, 0.35836406509338081, 0.33792760689134715, 0.2382969324775166, 0.25682927286991353, 0.1278373262217497, 0.099577505887638917, 0.16405976191053573, 0.17722302973895254, 0.25385509188685274, 0.26600469935705728, 0.27137651074494795, 0.35219896082755298, 0.24440571439931469, 0.17462025053767716, 0.17911895575041925, 0.20946909390432433, 0.39582959341994139, 0.023407276750860406, 0.48221439073134209, 0.023407276750860406, 0.40090771610222653, 0.30176753508795495, 0.13286118114313128, 0.28051834979188894, 0.186003484061524, 0.34950951091757854, 0.22800407327372685, 0.23185880164675932, 0.2422069544525709, 0.24278371512110364, 0.30792922677486856, 0.22935186655417095, 0.18516465493549206, 0.39226199339456946, 0.33031425238502299, 0.49307808931201846, 0.32869707989580454, 0.2984440531490834, 0.17911895575041925, 0.28580638328283225, 0.18100693987490224], [0.15536680219815679, 0.36768206299286998, 0.17448367238726148, 0.26194209742211727, 0.28609567884334719, 0.23002323281674131, 0.41026882445016466, 0.12691111761336427, 0.33629747338032823, 0.23002323281674131, 0.24559912740675738, 0.34515864188257372, 0.14066462597955787, 0.37100675640207748, 0.46562937001938098, 1.0, 0.12083484699379521, 0.35034508099899986, 0.23382131057217104, 0.33650046850676574, 0.27940274728782599, 0.33360992138768597, 0.34468439416770758, 0.31235677927288263, 0.074355261551073304, 0.24957211070526475, 0.28798202467198231, 0.32946479554642272, 0.31504412843162422, 0.21225488503779577, 0.29459514379382323, 0.34025205626654409, 0.38359405342160358, 0.19961867843291681, 0.33407324840323094, 0.30534191320487913, 0.31166244759020811, 0.19057407544412341, 0.20221020836028047, 0.20248064936558652, 0.29349271598030824, 0.30833948170756376, 0.30167676264664378, 0.39786882495306675, 0.31211221298967251, 0.40303989838020637, 0.35950795655834089, 0.27353146131653061, 0.26993230303903348, 0.31799061227675895, 0.39810500909944901, 0.052278092167600376, 0.66031688975662117, 0.052278092167600376, 0.27600313963224965, 0.3280716480011262, 0.27423361740484076, 0.23382131057217104, 0.25709004505502286, 0.44984392290742747, 0.265521375357751, 0.21027361117758059, 0.15477729232885884, 0.33013726123501641, 0.4010186764562701, 0.25293559270231536, 0.27337949599025468, 0.38851570463481166, 0.24802761701596421, 0.48244503243504056, 0.43210405841911748, 0.29255349771325856, 0.26993230303903348, 0.42614180076362007, 0.25477322450663209], [0.17805684431275759, 0.10554238130421822, 0.31666189957805457, 0.23518609308339622, 0.13357387494612583, 0.073930252090304238, 0.11284259241899197, 0.090078580729461066, 0.19809937060595084, 0.073930252090304238, 0.11710511917059985, 0.30582480984201654, 0.046148397334929481, 0.327672398475645, 0.064819211704968405, 0.12083484699379521, 1.0, 0.17453092340932075, 0.13919516149163869, 0.1258036635019345, 0.081878458849918734, 0.17065744513044179, 0.23862424898182577, 0.086662009689444708, 0.18804408702564424, 0.092804673710586982, 0.10700164669533474, 0.14131140613654936, 0.048263220735248136, 0.088492583055804985, 0.16433897086881466, 0.18519697315020389, 0.34554501022852813, 0.068564084806646775, 0.070616964904601454, 0.13409005549371311, 0.26769883829570051, 0.072605062818949961, 0.25342311234519999, 0.40296618532376938, 0.29467210661570342, 0.24562167909339805, 0.16538463867967379, 0.24518879663940063, 0.25608849721524274, 0.20155536299135723, 0.18629651494218924, 0.15123995108679256, 0.29520781350543412, 0.32289973126413007, 0.10783616440057608, 0.21595224750850228, 0.10378274557652545, 0.21595224750850228, 0.22185962183992425, 0.25065554396957479, 0.29289321881345243, 0.13919516149163869, 0.32827791094061753, 0.20165381211019306, 0.14891404774970585, 0.06260059120834971, 0.12840619141823661, 0.19490589079875353, 0.19600957916636741, 0.26010456449951491, 0.22222222222222221, 0.080678397762423359, 0.23338085203095338, 0.10297725636262722, 0.12509125965799006, 0.11002295583317823, 0.29520781350543412, 0.39497545327843808, 0.13144604950971484], [0.28162413154468768, 0.39628071143336707, 0.27222607399452392, 0.40630509390366465, 0.3119122377207344, 0.38317637815062522, 0.45617695460864427, 0.072111171901517834, 0.44276784537857306, 0.38317637815062522, 0.31197929260059387, 0.19761977417638821, 0.24808323981467695, 0.4398506069067728, 0.32862596133922051, 0.35034508099899986, 0.17453092340932075, 1.0, 0.33109724879206037, 0.39540242519266289, 0.27917077284093184, 0.39360427785012819, 0.33594569289379306, 0.13227504411536606, 0.32286886860794628, 0.3479724748567552, 0.31940440135619441, 0.3259750499440246, 0.30012779874637097, 0.29420681233345991, 0.3639695536890929, 0.31472580235878356, 0.48693322178225051, 0.30826869936364232, 0.36815280423808572, 0.47815240214539834, 0.38637848366142413, 0.23742043374078514, 0.31635588613491639, 0.23421679602734413, 0.20146420565280021, 0.37206545414374237, 0.41699326000105219, 0.44135608437702933, 0.46786815524454872, 0.46319465634018764, 0.30975134148469119, 0.32004606606470487, 0.27597167748146612, 0.37410614377032347, 0.44981204744757508, 0.10841497440343906, 0.39068923388930399, 0.10841497440343906, 0.35468727031892167, 0.4999789336198267, 0.32892757570646269, 0.33109724879206037, 0.24012975583477525, 0.46058374174896077, 0.2982663793032162, 0.30270208852897329, 0.24043120284603514, 0.38637899843373102, 0.41793006887246054, 0.45389638853916303, 0.42940259784254442, 0.38515595016344795, 0.29764294028568061, 0.43782904843697512, 0.37056035794250486, 0.306201807293079, 0.27597167748146612, 0.48756636010687437, 0.24673197822879966], [0.083316084718150774, 0.40922993152555476, 0.1306926020652569, 0.23995186504324328, 0.31646574286391937, 0.25763616443891246, 0.36227617817880631, 0.10520271790338231, 0.29731326313445017, 0.25763616443891246, 0.25214216984391258, 0.12634110924371378, 0.28462728686298933, 0.21091364880490349, 0.28051834979188894, 0.23382131057217104, 0.13919516149163869, 0.33109724879206037, 1.0, 0.26264079042873012, 0.21051067360649345, 0.37280969384139695, 0.20781041907724107, 0.36013903890094134, 0.14550782008746987, 0.28336690519801511, 0.27008240051314969, 0.34560007595195852, 0.32032769391755245, 0.34284904838949382, 0.61114906489477083, 0.2644553226704387, 0.20583489676613176, 0.48684005266828057, 0.3632690859465002, 0.34798977193196312, 0.20885516807358961, 0.45513704337754457, 0.14718772040889805, 0.10621823873590763, 0.12409012125278274, 0.158024724919404, 0.3215512319081556, 0.23808543772208246, 0.34358223643960417, 0.40604416808010635, 0.4093035955687534, 0.2437186037732274, 0.23204909236719484, 0.27847482115438926, 0.36606067473015802, 0.12822283573937643, 0.23096074840852687, 0.12822283573937643, 0.37762702125667746, 0.38209595469630608, 0.21448214777104979, 0.99400164332462437, 0.16002911593195124, 0.2793804990841926, 0.33187294458072136, 0.22762452705502667, 0.61397586034670393, 0.32997816711111405, 0.22284055562040483, 0.30743324654693727, 0.16741107950296497, 0.28949684784680318, 0.17900478127380626, 0.33769695311703296, 0.22963545093148363, 0.31574798234403578, 0.23204909236719484, 0.21880688967058504, 0.099596592333931255], [0.068837104770563484, 0.35469953691147538, 0.2502129774286872, 0.52348382065985177, 0.23447190747049318, 0.17657835085538043, 0.31106831567154525, 0.08311619038290341, 0.68162599482925934, 0.17657835085538043, 0.14846796044047272, 0.23419514642398598, 0.085649699402876811, 0.42466492114449295, 0.2559202703264416, 0.33650046850676574, 0.1258036635019345, 0.39540242519266289, 0.26264079042873012, 1.0, 0.1705633831569644, 0.29438861975843922, 0.22469236533189263, 0.13552061126057413, 0.21138106574562321, 0.1699075889434315, 0.15724614032369055, 0.27557356689366475, 0.26510822497264008, 0.22610100860261628, 0.28585672089434222, 0.29747964821768624, 0.52811116373286471, 0.20742672372959958, 0.30845547443004717, 0.43815227695936554, 0.32676544771423433, 0.13760965377482393, 0.49763483840661582, 0.17597033686353469, 0.1965857386036951, 0.46024210735074433, 0.63807833405885339, 0.47783889575893368, 0.30914206460587301, 0.41520336783815537, 0.50239273984431909, 0.27940942246165557, 0.49106479563512984, 0.22575212474774864, 0.30203702255721698, 0.12218545487414156, 0.41934651473933682, 0.12218545487414156, 0.19439095513162996, 0.32785888876698122, 0.70095001369512966, 0.26264079042873012, 0.2184153599108275, 0.3982338535106158, 0.54194991826599059, 0.24893900770255595, 0.24658842151689264, 0.40638316029533628, 0.46636706017854346, 0.42264973081037416, 0.32614865131681181, 0.24927266279535176, 0.30971783623922966, 0.37385555252136149, 0.33432102960953336, 0.20497663751770445, 0.49106479563512984, 0.44325735857049875, 0.34091545861350991], [0.081317761437976532, 0.20187397526113426, 0.14431116062524885, 0.28718980063137756, 0.18240248896295508, 0.45177704061405977, 0.32483215446474123, 0.033604271095005744, 0.24038017776922871, 0.45177704061405977, 0.35449164454641213, 0.26396965079176582, 0.39661466141785273, 0.24097969919989393, 0.18155961957487665, 0.27940274728782599, 0.081878458849918734, 0.27917077284093184, 0.21051067360649345, 0.1705633831569644, 1.0, 0.30637315854003855, 0.26237506133213273, 0.27845000950280097, 0.22885586413957681, 0.2089361304635271, 0.16376611941035646, 0.40811157601638359, 0.31852063008958775, 0.2540879790807048, 0.1663391862879624, 0.46466920139944168, 0.31544374058938451, 0.16426732255367871, 0.23131298997837835, 0.19484520570265784, 0.36179475395993554, 0.12804457013662252, 0.081417622431521619, 0.1966668626561856, 0.20417136166385319, 0.090150514119768488, 0.22155463114450491, 0.2658208074755003, 0.42341953151165579, 0.3107944888713724, 0.21805282089249178, 0.60078373281909869, 0.33701582024993237, 0.18839313637785049, 0.31563810772981493, 0.087701169228796005, 0.31839700667801696, 0.087701169228796005, 0.1700322659507949, 0.40890414431924227, 0.11602452556351739, 0.21051067360649345, 0.26907275944121156, 0.25310604979164919, 0.26908741380941226, 0.19595739086526676, 0.13569555741543904, 0.26306808954556071, 0.30761371897084588, 0.19247749984114937, 0.23655114396819765, 0.24439712607470787, 0.10091799186599648, 0.29295605320120588, 0.38958562422285381, 0.2208568695932408, 0.33701582024993237, 0.28642746941369113, 0.081602052036693684], [0.17195700694616478, 0.3499428506728105, 0.22554581152294118, 0.4303075854279258, 0.24703372462229689, 0.29636317468435003, 0.41948561862033029, 0.13394675913791854, 0.34630227486314047, 0.29636317468435003, 0.3193429438053369, 0.19893353100153177, 0.17896866050035376, 0.38674959175333712, 0.27065148914366699, 0.33360992138768597, 0.17065744513044179, 0.39360427785012819, 0.37280969384139695, 0.29438861975843922, 0.30637315854003855, 1.0, 0.3980528269382273, 0.33015404838781981, 0.34056564984817905, 0.26452484639293372, 0.29041551566736179, 0.2802218482319716, 0.26662948597694103, 0.36530238587367714, 0.34061456713477256, 0.48538427110974858, 0.36274547613117392, 0.30282113456981707, 0.27576976552151067, 0.32642171695954347, 0.26754639769993949, 0.190991063227689, 0.22556120229164334, 0.24795361147612494, 0.2232562777901389, 0.29674992395587552, 0.32569007307394593, 0.37174700435314079, 0.60679468013984872, 0.28604535674680365, 0.24248748617081106, 0.37579323865407477, 0.26521218393245938, 0.41238933582284798, 0.40890026124292755, 0.11397257840775576, 0.31253837928765227, 0.11397257840775576, 0.25453115172040897, 0.59153523881432035, 0.27245009045254609, 0.37280969384139695, 0.35467517317613639, 0.38559605756564252, 0.2973526291622659, 0.18689373093782291, 0.2232324069100452, 0.33968079775861326, 0.39713101418525243, 0.34063185158806242, 0.49275303101331358, 0.28461870541211154, 0.22344376724896775, 0.39084811275427078, 0.35659998154699479, 0.31566243483931367, 0.26521218393245938, 0.39478496183532608, 0.20974792480586912], [0.13315332964524618, 0.24349571791459146, 0.1682760638995936, 0.35413736534278661, 0.12607736548143356, 0.20184342989459148, 0.24323179119979932, 0.060267928338779697, 0.27963514874369466, 0.20184342989459148, 0.16519126872131351, 0.24101393268778326, 0.14792758684471297, 0.4912304300163769, 0.19292445621787213, 0.34468439416770758, 0.23862424898182577, 0.33594569289379306, 0.20781041907724107, 0.22469236533189263, 0.26237506133213273, 0.3980528269382273, 1.0, 0.17898855802762026, 0.25363659904233282, 0.16211690710357762, 0.29956347690473561, 0.22878926678703526, 0.16069975136408199, 0.15621183601588906, 0.22141762748582683, 0.39556703446773245, 0.36140912970910699, 0.15797340939882232, 0.24945434696310687, 0.21595688151383874, 0.32414993143420123, 0.090964306550341489, 0.23874877096774627, 0.22260724068617199, 0.23506202112578856, 0.2736025786445353, 0.26602470649260856, 0.25934392018195884, 0.43417991628766583, 0.29573536656823085, 0.085376083619370102, 0.34517299145335723, 0.32170134041127363, 0.29909214553632091, 0.23500542636775157, 0.097315100807924382, 0.28400719245103945, 0.097315100807924382, 0.27762559591400948, 0.45156867837494852, 0.33181200562831559, 0.20781041907724107, 0.29065624144047697, 0.32717954990794595, 0.28530698475995542, 0.1016050183289896, 0.15644553910736658, 0.27614532682739257, 0.36458283136919956, 0.38110135651317045, 0.31404898310816609, 0.2695875451366635, 0.19534788940778802, 0.23981997135457878, 0.42591494344975567, 0.22044246966022407, 0.32170134041127363, 0.44373032484021546, 0.25066874734653666], [0.18678691121340674, 0.42356308305056845, 0.11375943258940646, 0.18149245863483598, 0.13073547323848644, 0.28566925312654134, 0.41293813653712508, 0.14323383740214501, 0.20935097472508235, 0.28566925312654134, 0.30222453156221429, 0.1854996919861992, 0.31796056982901377, 0.13233003848280911, 0.32267466425993219, 0.31235677927288263, 0.086662009689444708, 0.13227504411536606, 0.36013903890094134, 0.13552061126057413, 0.27845000950280097, 0.33015404838781981, 0.17898855802762026, 1.0, 0.17038108005619534, 0.31404781079154331, 0.32953841386665383, 0.42491830645692952, 0.30085047288111688, 0.30372560198880183, 0.33249953681367517, 0.3697366663180881, 0.1636980657958752, 0.26701533236464925, 0.37559947856962217, 0.24005609668454941, 0.20813935256994509, 0.36862420805603258, 0.051951432001676512, 0.10466699067087226, 0.14777911513041841, 0.11681679663263234, 0.21448657401611115, 0.16463673100317466, 0.24578434059704235, 0.44310718674801652, 0.25179119211694745, 0.19043933446717853, 0.19918283141041193, 0.14349971587536692, 0.40757372321805008, 0.036765204261987483, 0.30647403735003176, 0.036765204261987483, 0.2767043231775792, 0.27287992704748598, 0.11177670649250682, 0.36013903890094134, 0.16127641356157074, 0.1393645549735083, 0.1529876131215463, 0.26557297924367529, 0.25305280130309293, 0.159948022642601, 0.25779128637261051, 0.11969972952672248, 0.21168514178303743, 0.32652288192439038, 0.072706836289101018, 0.36525782178259947, 0.12902074386539109, 0.37683348405636474, 0.19918283141041193, 0.14323716631060068, 0.048295387809402679], [0.10571452288689609, 0.24193803571121686, 0.33629747338032823, 0.47686037699221273, 0.11969005373557584, 0.15381778512498201, 0.20542771399577398, 0.24022406249035577, 0.25889778222429871, 0.15381778512498201, 0.24314168547138459, 0.18553331230595838, 0.11951683109099931, 0.21293394241113039, 0.19612524265664844, 0.074355261551073304, 0.18804408702564424, 0.32286886860794628, 0.14550782008746987, 0.21138106574562321, 0.22885586413957681, 0.34056564984817905, 0.25363659904233282, 0.17038108005619534, 1.0, 0.096510138566867965, 0.19621553272318948, 0.20799752323690768, 0.15277757116554957, 0.22000768607797505, 0.10815246706163217, 0.28626997535001597, 0.15927589726807345, 0.11643364769597631, 0.20451088154739705, 0.18530726412457288, 0.31302346554392368, 0.092106333799676698, 0.30843592519187524, 0.26789944473345551, 0.19242714691275176, 0.32737469532354135, 0.22278454681624205, 0.33366436601011484, 0.41164468280060329, 0.22959196097318746, 0.11930818482497341, 0.21213373656956658, 0.11436789816368631, 0.2491350190716245, 0.19857849868859423, 0.28636025981367585, 0.17840301387731627, 0.28636025981367585, 0.1953688950837269, 0.3775666606